#0
#1
#2
318 359
664 705

787 359
1133 705

1256 359
1602 705

#3
318 359
664 705

787 359
1133 705

1256 359
1602 705

#4
595 430
814 805

1095 430
1336 805

#5
318 359
664 705

787 359
1133 705

1256 359
1602 705

#6
318 359
664 705

787 359
1133 705

1256 359
1602 705

#7
306 378
659 598

788 378
1141 598

1270 378
1623 598

72 658
425 878

546 658
878 878

1021 658
1374 878

1495 658
1848 878

#8
302 468
655 689

784 468
1137 689

1265 468
1618 689

#9
306 378
659 598

788 378
1141 598

1270 378
1623 598

72 658
425 878

546 658
878 878

1021 658
1374 878

1495 658
1848 878

#10
771 469
1124 690

#11
302 379
655 598

784 379
1136 598

1265 379
1618 598

302 657
655 878

784 657
1136 878

1265 657
1618 878

#12
494 492
847 713

1088 492
1441 713

#13
456 445
818 581

1102 445
1464 581

#14
end
